-0.5773502691896257
0.5773502691896257
-0.7745966692414834
0.
0.7745966692414834
-0.8611363115940525
-0.33998104358485626
0.33998104358485626
0.8611363115940525
-0.9061798459386639
-0.538469310105683
0.
0.538469310105683
0.9061798459386639
-0.932469514203152
-0.6612093864662645
-0.238619186083197
0.238619186083197
0.6612093864662645
0.932469514203152
-0.9491079123427584
-0.7415311855993945
-0.4058451513773971
0.
0.4058451513773971
0.7415311855993945
0.9491079123427584
-0.9602898564975362
-0.7966664774136267
-0.525532409916329
-0.1834346424956499
0.1834346424956499
0.525532409916329
0.7966664774136267
0.9602898564975362
-0.9681602395076261
-0.8360311073266358
-0.6133714327005904
-0.324253423403809
0.
0.324253423403809
0.6133714327005904
0.8360311073266358
0.9681602395076261
-0.9739065285171717
-0.8650633666889846
-0.6794095682990244
-0.4333953941292472
-0.14887433898163116
0.14887433898163116
0.4333953941292472
0.6794095682990244
0.8650633666889846
0.9739065285171717
-0.9782286581460569
-0.8870625997680954
-0.7301520055740494
-0.5190961292068117
-0.2695431559523449
0.
0.2695431559523449
0.5190961292068117
0.7301520055740494
0.8870625997680954
0.9782286581460569
-0.9815606342467191
-0.9041172563704749
-0.7699026741943047
-0.5873179542866174
-0.36783149899818013
-0.1252334085114688
0.1252334085114688
0.36783149899818013
0.5873179542866174
0.7699026741943047
0.9041172563704749
0.9815606342467191
-0.9841830547185881
-0.9175983992229779
-0.8015780907333099
-0.6423493394403401
-0.4484927510364467
-0.23045831595513477
0.
0.23045831595513477
0.4484927510364467
0.6423493394403401
0.8015780907333099
0.9175983992229779
0.9841830547185881
-0.9862838086968124
-0.9284348836635736
-0.827201315069765
-0.6872929048116854
-0.5152486363581541
-0.31911236892788963
-0.10805494870734367
0.10805494870734367
0.31911236892788963
0.5152486363581541
0.6872929048116854
0.827201315069765
0.9284348836635736
0.9862838086968124
-0.9879925180204854
-0.937273392400706
-0.8482065834104273
-0.7244177313601701
-0.5709721726085388
-0.3941513470775635
-0.2011940939974346
0.
0.2011940939974346
0.3941513470775635
0.5709721726085388
0.7244177313601701
0.8482065834104273
0.937273392400706
0.9879925180204854
-0.9894009349916499
-0.9445750230732326
-0.8656312023878319
-0.7554044083550031
-0.6178762444026438
-0.45801677765722726
-0.2816035507792589
-0.09501250983763754
0.09501250983763754
0.2816035507792589
0.45801677765722726
0.6178762444026438
0.7554044083550031
0.8656312023878319
0.9445750230732326
0.9894009349916499
-0.9905754753144174
-0.9506755217687677
-0.8802391537269858
-0.7815140038968014
-0.6576711592166908
-0.5126905370864769
-0.3512317634538764
-0.17848418149584777
0.
0.17848418149584777
0.3512317634538764
0.5126905370864769
0.6576711592166908
0.7815140038968014
0.8802391537269858
0.9506755217687677
0.9905754753144174
-0.991565168420931
-0.9558239495713976
-0.8926024664975558
-0.8037049589725231
-0.6916870430603532
-0.5597708310739475
-0.41175116146284263
-0.25188622569150554
-0.08477501304173529
0.08477501304173529
0.25188622569150554
0.41175116146284263
0.5597708310739475
0.6916870430603532
0.8037049589725231
0.8926024664975558
0.9558239495713976
0.991565168420931
-0.9924068438435845
-0.96020815213483
-0.903155903614818
-0.8227146565371428
-0.7209661773352294
-0.6005453046616811
-0.464570741375961
-0.3165640999636299
-0.16035864564022528
0.
0.16035864564022528
0.3165640999636299
0.464570741375961
0.6005453046616811
0.7209661773352294
0.8227146565371428
0.903155903614818
0.96020815213483
0.9924068438435845
-0.9931285991850949
-0.9639719272779139
-0.912234428251326
-0.8391169718222189
-0.7463319064601508
-0.6360536807265151
-0.5108670019508272
-0.37370608871541955
-0.22778585114164507
-0.07652652113349734
0.07652652113349734
0.22778585114164507
0.37370608871541955
0.5108670019508272
0.6360536807265151
0.7463319064601508
0.8391169718222189
0.912234428251326
0.9639719272779139
0.9931285991850949
