1.0000000000000002
1.0000000000000002
0.5555555555555552
0.8888888888888888
0.5555555555555552
0.3478548451374552
0.6521451548625464
0.6521451548625464
0.3478548451374552
0.23692688505619025
0.4786286704993666
0.5688888888888889
0.4786286704993666
0.23692688505619025
0.17132449237917066
0.3607615730481386
0.46791393457269104
0.46791393457269104
0.3607615730481386
0.17132449237917066
0.12948496616887115
0.2797053914892768
0.38183005050511926
0.4179591836734694
0.38183005050511926
0.2797053914892768
0.12948496616887115
0.10122853629037734
0.22238103445337448
0.3137066458778872
0.3626837833783619
0.3626837833783619
0.3137066458778872
0.22238103445337448
0.10122853629037734
0.08127438836157486
0.18064816069485745
0.26061069640293544
0.31234707704000275
0.3302393550012598
0.31234707704000275
0.26061069640293544
0.18064816069485745
0.08127438836157486
0.0666713443086877
0.14945134915057973
0.219086362515982
0.2692667193099963
0.29552422471475304
0.29552422471475304
0.2692667193099963
0.219086362515982
0.14945134915057973
0.0666713443086877
0.055668567116175696
0.12558036946490367
0.18629021092773393
0.23319376459199076
0.2628045445102466
0.2729250867779006
0.2628045445102466
0.23319376459199076
0.18629021092773393
0.12558036946490367
0.055668567116175696
0.04717533638651412
0.10693932599531794
0.16007832854334633
0.20316742672306598
0.23349253653835492
0.24914704581340283
0.24914704581340283
0.23349253653835492
0.20316742672306598
0.16007832854334633
0.10693932599531794
0.04717533638651412
0.04048400476531618
0.09212149983772844
0.13887351021978753
0.17814598076194602
0.20781604753688868
0.22628318026289734
0.2325515532308739
0.22628318026289734
0.20781604753688868
0.17814598076194602
0.13887351021978753
0.09212149983772844
0.04048400476531618
0.03511946033175024
0.08015808715975922
0.12151857068790296
0.1572031671581938
0.18553839747793793
0.20519846372129558
0.21526385346315777
0.21526385346315777
0.20519846372129558
0.18553839747793793
0.1572031671581938
0.12151857068790296
0.08015808715975922
0.03511946033175024
0.030753241996119028
0.07036604748810775
0.10715922046717152
0.13957067792615432
0.16626920581699403
0.1861610000155621
0.1984314853271117
0.2025782419255613
0.1984314853271117
0.1861610000155621
0.16626920581699403
0.13957067792615432
0.10715922046717152
0.07036604748810775
0.030753241996119028
0.02715245941175364
0.062253523938647526
0.09515851168249208
0.12462897125553359
0.14959598881657668
0.16915651939500276
0.18260341504492356
0.18945061045506847
0.18945061045506847
0.18260341504492356
0.16915651939500276
0.14959598881657668
0.12462897125553359
0.09515851168249208
0.062253523938647526
0.02715245941175364
0.024148302868547026
0.05545952937398789
0.08503614831717976
0.11188384719340426
0.1351363684685252
0.1540457610768104
0.16800410215644998
0.17656270536699264
0.17944647035620653
0.17656270536699264
0.16800410215644998
0.1540457610768104
0.1351363684685252
0.11188384719340426
0.08503614831717976
0.05545952937398789
0.024148302868547026
0.021616013526480998
0.04971454889497152
0.0764257302548887
0.10094204410628708
0.12255520671147836
0.14064291467065063
0.15468467512626527
0.16427648374583265
0.16914238296314354
0.16914238296314354
0.16427648374583265
0.15468467512626527
0.14064291467065063
0.12255520671147836
0.10094204410628708
0.0764257302548887
0.04971454889497152
0.021616013526480998
0.019461788229724823
0.044814226765699544
0.06904454273764048
0.09149002162244994
0.11156664554733402
0.128753962539336
0.14260670217360655
0.1527660420658596
0.15896884339395442
0.1610544498487837
0.15896884339395442
0.1527660420658596
0.14260670217360655
0.128753962539336
0.11156664554733402
0.09149002162244994
0.06904454273764048
0.044814226765699544
0.019461788229724823
0.017614007139153162
0.04060142980038494
0.06267204833410903
0.08327674157670444
0.10193011981724034
0.11819453196151819
0.1316886384491764
0.1420961093183821
0.14917298647260382
0.15275338713072598
0.15275338713072598
0.14917298647260382
0.1420961093183821
0.1316886384491764
0.11819453196151819
0.10193011981724034
0.08327674157670444
0.06267204833410903
0.04060142980038494
0.017614007139153162
